70
30
1100110011001100110011001100110011001100110011001100110011001100110011
1100110011001100110011001100110011001100110011001100110011001100110011
1100110011001100110011001100110011001100110011001100110011001100110011
1100110011001100110011001100110011001100110011001100110011001100110011
1100110011001100110011001100110011001100110011001100110011001100110011
1100110011001100110011001100110011001100110011001100110011001100110011
1100110011001100110011001100110011001100110011001100110011001100110011
1100110011001100110011001100110011001100110011001100110011001100110011
1100110011001100110011001100110011001100110011001100110011001100110011
1100110011001100110011001100110011001100110011001100110011001100110011
1100110011001100110011001100110011001100110011001100110011001100110011
1100110011001100110011001100110011001100110011001100110011001100110011
1100110011001100110011001100110011001100110011001100110011001100110011
1100110011001100110011001100110011001100110011001100110011001100110011
1100110011001100110011001100110011001100110011001100110011001100110011
1100110011001100110011001100110011001100110011001100110011001100110011
1100110011001100110011001100110011001100110011001100110011001100110011
1100110011001100110011001100110011001100110011001100110011001100110011
1100110011001100110011001100110011001100110011001100110011001100110011
1100110011001100110011001100110011001100110011001100110011001100110011
1100110011001100110011001100110011001100110011001100110011001100110011
1100110011001100110011001100110011001100110011001100110011001100110011
1100110011001100110011001100110011001100110011001100110011001100110011
1100110011001100110011001100110011001100110011001100110011001100110011
1100110011001100110011001100110011001100110011001100110011001100110011
1100110011001100110011001100110011001100110011001100110011001100110011
1100110011001100110011001100110011001100110011001100110011001100110011
1100110011001100110011001100110011001100110011001100110011001100110011
1100110011001100110011001100110011001100110011001100110011001100110011
1100110011001100110011001100110011001100110011001100110011001100110011